1
10
14
1
1
7
1
0
2
2
7
0
2
1
0
0
4
9
17
0
4
8
8
0
6
3
6
0
7
17
15
0
8
19
13
0
9
16
10
0
10
8
11
1
11
7
10
0
12
11
18
0
12
6
14
0
13
3
18
0
13
5
17
0
14
13
16
0
14
5
11
0
14
8
1
0
16
1
16
0
16
18
5
1
17
3
1
0
17
2
19
0
20
2
0
0
21
14
10
0
24
11
2
0
24
16
1
0
25
9
0
0
26
8
7
0
28
3
4
0
30
1
0
1
30
12
10
0
30
9
1
0
31
14
11
0
32
17
8
0
33
8
5
0
34
2
13
0
35
18
17
0
36
5
13
0
40
0
14
0
41
4
11
1
42
7
7
0
42
2
6
0
42
3
17
0
43
15
17
0
43
18
11
0
46
9
3
0
49
18
18
0
49
19
16
0
49
2
5
0
50
15
12
1
50
19
10
0
51
4
3
0
51
18
8
0
53
15
1
0
53
19
14
0
53
7
17
0
54
12
16
0
54
11
9
0
54
19
0
0
55
18
12
1
56
7
3
0
57
10
9
0
58
2
19
0
58
19
16
0
60
13
14
0
61
4
12
0
62
5
1
0
65
9
4
0
68
1
7
0
69
12
6
1
69
10
12
0
70
13
14
0
70
2
14
0
72
9
3
0
73
17
15
0
74
10
1
0
75
10
5
0
76
5
15
0
78
13
12
0
82
9
3
1
82
7
2
0
84
8
17
0
86
11
9
0
88
17
9
0
89
9
1
0
91
16
14
0
91
17
8
0
93
16
0
0
94
1
8
0
95
3
12
1
96
0
1
0
96
19
3
0
96
3
0
0
97
4
1
0
97
2
12
0
99
9
1
0
100
16
0
0
100
5
15
0
101
1
5
0
102
15
5
1
103
8
6
0
103
12
6
0
104
17
10
0
105
10
5
0
106
13
15
0
108
5
11
0
109
9
5
0
111
4
18
0
111
2
17
0
113
17
10
1
116
14
0
0
117
14
16
0
118
16
0
0
119
9
17
0
121
6
19
0
121
5
16
0
122
4
15
0
122
11
1
0
122
6
14
0
124
3
15
1
125
6
14
0
125
15
5
0
127
4
5
0
127
14
18
0
129
11
7
0
130
11
3
0
130
0
1
0
130
5
9
0
130
15
19
0
131
7
0
1
131
7
13
0
132
13
18
0
132
11
12
0
134
2
17
0
135
7
11
0
135
5
1
0
136
8
13
0
136
18
6
0
136
3
3
0
137
17
11
1
139
14
11
0
139
15
19
0
139
13
17
0
141
10
9
0
144
18
12
0
144
16
7
0
145
7
0
0
146
0
15
0
146
11
19
0
146
15
7
1
147
16
7
0
147
14
19
0
147
12
5
0
148
17
13
0
149
9
8
0
149
5
9
0
151
15
0
0
152
19
19
0
153
5
17
0
154
5
11
1
157
11
7
0
157
14
15
0
160
14
12
0
161
2
4
0
161
11
11
0
161
16
6
0
162
7
4
0
162
7
18
0
163
16
5
0
164
0
3
1
164
16
4
0
164
14
1
0
165
2
2
0
165
9
11
0
166
15
1
0
167
9
19
0
169
15
17
0
169
19
0
0
170
2
2
0
171
14
3
1
171
14
5
0
172
16
0
0
173
13
0
0
173
12
16
0
174
1
17
0
174
4
4
0
174
8
3
0
175
7
9
0
176
15
2
0
177
1
15
1
178
3
9
0
179
16
5
0
180
18
1
0
184
7
2
0
184
8
11
0
185
14
18
0
186
6
15
0
186
8
6
0
187
13
13
0
188
1
19
1
188
7
2
0
190
0
19
0
190
18
5
0
192
18
3
0
193
3
19
0
193
17
2
0
194
18
0
0
194
16
9
0
194
1
12
0
194
4
16
1
194
7
10
0
196
8
8
0
196
10
1
0
199
18
3
0
199
12
12
0
200
13
2
0
200
15
16
0
200
12
9
0
200
6
14
0
200
13
18
1
201
4
2
0
203
3
12
0
206
0
4
0
207
17
19
0
209
18
13
0
209
16
11
0
209
8
6
0
210
17
13
0
212
1
1
0
212
4
17
1
213
13
6
0
215
17
13
0
216
7
6
0
217
1
14
0
218
7
10
0
222
8
10
0
224
3
2
0
225
14
19
0
226
8
4
0
226
17
0
1
227
11
0
0
228
18
18
0
229
18
15
0
230
16
13
0
230
13
2
0
234
6
17
0
236
1
9
0
237
1
8
0
237
5
12
0
238
9
9
1
238
13
8
0
240
1
8
0
240
12
19
0
242
7
17
0
242
6
15
0
243
18
3
0
246
6
14
0
246
15
14
0
247
3
4
0
250
15
16
1
250
13
1
0
250
10
2
0
253
7
6
0
253
5
15
0
254
3
6
0
254
6
19
0
254
18
2
0
256
18
14
0
256
12
6
0
257
13
19
1
257
19
18
0
260
14
11
0
262
4
10
0
263
13
11
0
263
3
7
0
263
0
3
0
264
5
16
0
265
6
1
0
266
1
0
0
267
9
2
1
270
7
13
0
270
0
12
0
272
7
6
0
273
12
18
0
274
5
2
0
275
4
4
0
275
3
10
0
276
15
14
0
276
14
9
0
278
18
5
1
278
7
10
0
279
8
5
0
281
5
19
0
285
9
18
0
286
3
9
0
287
4
14
0
287
3
13
0
289
1
19
0
290
2
2
0
291
3
2
1
293
12
4
0
294
12
1
0
295
17
5
0
299
9
16
0
302
6
2
0
302
5
3
0
303
14
19
0
304
11
5
0
305
9
4
0
307
4
4
1
309
14
12
0
311
7
10
0
311
9
8
0
312
15
1
0
312
15
4
0
312
11
0
0
312
2
15
0
313
17
18
0
314
6
8
0
314
18
15
1
315
18
6
0
315
7
1
0
317
5
16
0
318
4
5
0
319
13
10
0
320
17
4
0
321
9
12
0
322
6
14
0
323
3
5
0
324
13
6
1
324
17
17
0
324
16
3
0
326
13
15
0
328
12
2
0
328
1
3
0
330
0
4
0
331
1
4
0
331
3
1
0
331
12
2
0
331
9
17
1
332
17
14
0
333
14
10
0
336
5
15
0
336
5
18
0
336
3
5
0
338
0
1
0
341
5
9
0
342
5
0
0
343
19
9
0
348
0
18
1
351
3
2
0
351
16
16
0
351
14
8
0
353
5
13
0
356
10
13
0
356
8
11
0
357
5
2
0
357
15
9
0
359
10
7
0
363
3
6
1
364
15
2
0
365
10
11
0
366
10
0
0
368
3
17
0
369
18
4
0
371
10
14
0
373
15
17
0
373
18
2
0
374
19
11
0
374
9
2
1
375
11
5
0
375
14
4
0
375
13
6
0
379
2
18
0
383
3
9
0
385
13
2
0
386
17
4
0
386
13
19
0
387
13
18
0
387
14
4
1
388
12
5
0
388
8
1
0
390
14
16
0
391
10
2
0
393
15
16
0
395
0
15
0
396
12
10
0
396
7
9
0
397
17
9
0
397
5
1
1
398
5
6
0
401
19
11
0
401
0
14
0
402
5
3
0
402
6
19
0
404
5
11
0
411
3
7
0
413
0
16
0
413
19
6
0
415
19
0
1
418
13
7
0
418
5
5
0
420
5
19
0
422
6
13
0
422
5
3
0
423
7
9
0
423
11
4
0
423
9
8
0
424
0
8
0
424
8
8
1
425
11
14
0
431
18
0
0
432
13
10
0
432
14
15
0
433
19
1
0
434
2
12
0
437
15
5
0
438
12
0
0
439
1
14
0
440
16
12
1
440
17
12
0
440
13
19
0
441
13
0
0
442
11
12
0
443
4
10
0
444
8
17
0
444
7
9
0
444
15
2
0
445
13
15
0
445
12
17
1
446
18
19
0
446
11
7
0
446
4
14
0
446
9
7
0
447
17
2
0
449
13
14
0
449
5
6
0
454
5
15
0
454
9
14
0
455
4
9
1
460
6
17
0
461
16
8
0
463
12
10
0
463
9
13
0
464
14
10
0
464
16
15
0
464
7
6
0
464
2
7
0
465
4
12
0
467
9
7
1
467
8
18
0
468
5
3
0
468
1
6
0
468
5
12
0
468
12
13
0
469
5
3
0
470
9
9
0
471
9
14
0
473
10
19
0
473
3
14
1
473
10
1
0
476
1
17
0
476
10
4
0
478
10
18
0
481
14
14
0
482
15
12
0
482
11
19
0
482
12
19
0
483
10
6
0
484
0
7
1
485
13
11
0
486
10
8
0
487
13
17
0
489
5
6
0
489
14
18
0
489
3
3
0
491
0
2
0
492
0
6
0
492
12
14
0
493
9
19
1
495
8
17
0
497
19
17
0
498
5
6
0
498
5
7
0
499
2
1
0
500
3
8
0
501
13
19
0
503
19
13
0
504
14
13
0
504
10
10
1
506
8
4
0
508
7
10
0
508
4
17
0
511
19
3
0
511
13
12
0
519
1
2
0
523
9
15
0
524
2
3
0
524
19
5
0
526
1
10
1
527
18
0
0
529
1
10
0
529
15
4
0
530
19
7
0
530
4
2
0
530
11
19
0
532
3
14
0
532
4
9
0
533
17
5
0
533
4
4
1
534
4
2
0
535
11
7
0
535
17
7
0
536
3
2
0
537
8
17
0
538
16
4
0
538
18
18
0
539
18
6
0
541
9
4
0
542
8
5
1
543
19
7
0
544
17
12
0
545
0
18
0
547
2
6
0
548
5
14
0
548
18
0
0
549
2
4
0
550
2
18
0
551
0
10
0
551
2
5
1
551
17
18
0
552
18
1
0
552
11
4
0
552
18
4
0
553
7
5
0
554
8
11
0
554
3
16
0
555
19
15
0
558
10
9
0
558
17
13
1
558
11
9
0
561
18
8
0
562
10
10
0
563
0
8
0
564
18
3
0
565
8
5
0
565
18
8
0
565
18
17
0
568
3
8
0
568
2
11
1
569
18
0
0
570
4
1
0
571
4
2
0
572
1
1
0
573
5
2
0
573
4
4
0
574
7
9
0
575
11
15
0
578
12
3
0
580
7
16
1
581
11
7
0
584
3
1
0
584
6
15
0
585
10
0
0
585
4
17
0
586
13
4
0
588
5
1
0
588
15
15
0
590
6
4
0
590
7
1
1
596
15
11
0
597
8
16
0
599
1
2
0
600
17
11
0
602
6
5
0
602
0
13
0
603
11
1
0
604
5
15
0
605
17
10
0
608
8
15
1
608
8
8
0
608
7
6
0
611
17
13
0
612
11
17
0
616
1
11
0
619
6
16
0
619
5
7
0
619
9
6
0
619
17
13
0
620
8
17
1
620
13
19
0
622
7
9
0
622
2
17
0
622
18
5
0
623
8
15
0
625
9
16
0
627
4
12
0
628
0
18
0
630
10
5
0
630
18
0
1
630
5
6
0
631
13
14
0
631
14
17
0
633
3
4
0
633
3
6
0
633
5
16
0
634
4
16
0
634
15
4
0
635
8
8
0
637
16
3
1
637
15
12
0
637
12
1
0
638
13
18
0
638
13
4
0
638
19
4
0
640
1
11
0
644
14
2
0
644
0
2
0
644
15
11
0
646
5
0
1
646
3
19
0
647
19
2
0
649
0
9
0
651
14
4
0
653
10
5
0
654
13
6
0
654
13
7
0
655
3
17
0
655
13
4
0
656
9
12
1
657
1
9
0
657
7
6
0
658
4
14
0
659
3
17
0
660
11
7
0
662
17
5
0
664
17
7
0
665
6
12
0
665
12
2
0
666
14
14
1
667
14
9
0
668
8
18
0
668
6
2
0
669
0
4
0
670
18
1
0
671
1
13
0
672
7
12
0
672
18
5
0
674
11
18
0
677
3
15
1
678
8
7
0
679
9
0
0
680
9
3
0
680
18
9
0
681
14
16
0
682
8
15
0
683
13
3
0
683
9
19
0
684
15
6
0
684
12
10
1
684
3
10
0
686
3
0
0
686
17
0
0
686
0
8
0
686
12
19
0
687
15
16
0
687
14
13
0
689
14
11
0
691
7
9
0
692
8
3
1
693
2
9
0
694
4
10
0
694
3
16
0
695
9
4
0
696
12
12
0
701
11
4
0
703
19
18
0
704
9
12
0
704
12
15
0
705
10
15
1
706
17
8
0
708
8
11
0
709
14
6
0
711
15
19
0
713
19
4
0
714
15
19
0
714
1
10
0
714
17
7
0
718
5
18
0
718
19
10
1
719
4
6
0
722
16
12
0
723
0
2
0
724
10
2
0
725
0
15
0
725
0
19
0
727
19
5
0
727
0
16
0
727
11
2
0
727
14
13
1
728
10
5
0
728
11
8
0
729
18
10
0
729
12
14
0
730
5
12
0
730
15
8
0
731
0
17
0
732
5
8
0
732
1
13
0
734
11
14
1
734
0
14
0
736
14
14
0
736
10
11
0
736
1
17
0
736
10
1
0
736
1
8
0
737
10
19
0
738
1
8
0
739
14
11
0
739
13
11
1
740
8
15
0
744
18
11
0
746
15
5
0
746
12
19
0
751
17
19
0
752
18
12
0
753
17
10
0
753
7
6
0
754
19
14
0
755
6
4
1
756
7
11
0
756
13
16
0
757
4
19
0
757
16
16
0
758
17
16
0
758
0
10
0
759
3
13
0
759
19
11
0
760
6
9
0
761
6
9
1
761
10
1
0
762
13
15
0
762
2
0
0
764
16
14
0
764
4
9
0
767
12
13
0
768
17
3
0
769
14
13
0
770
4
4
0
771
4
19
1
771
6
4
0
772
17
16
0
772
12
18
0
774
6
12
0
777
8
19
0
777
2
2
0
779
19
10
0
779
0
0
0
781
0
8
0
782
17
10
1
783
19
16
0
785
10
13
0
785
4
3
0
786
19
19
0
786
7
14
0
787
17
18
0
789
10
13
0
789
15
12
0
792
0
9
0
793
11
13
1
794
6
10
0
795
18
15
0
798
12
3
0
799
1
10
0
801
11
2
0
802
10
18
0
802
18
7
0
803
8
16
0
804
14
17
0
804
6
11
1
804
11
2
0
805
8
9
0
806
16
9
0
810
3
17
0
812
8
10
0
812
3
19
0
812
7
17
0
813
12
6
0
814
1
3
0
816
10
6
1
818
1
18
0
820
7
3
0
821
18
19
0
821
14
14
0
822
4
11
0
822
9
19
0
823
17
11
0
824
0
7
0
825
16
18
0
826
13
17
1
827
14
10
0
827
9
1
0
828
16
1
0
829
17
13
0
830
17
6
0
831
14
12
0
831
1
16
0
834
19
0
0
834
8
12
0
836
0
2
1
836
4
15
0
836
5
5
0
837
10
2
0
837
9
10
0
838
8
14
0
838
13
16
0
839
16
4
0
840
17
4
0
841
1
19
0
841
9
7
1
844
6
17
0
845
2
19
0
845
5
15
0
846
7
0
0
847
11
0
0
847
11
1
0
848
18
14
0
848
17
0
0
848
0
18
0
849
12
7
1
849
1
2
0
851
6
8
0
851
12
16
0
851
4
4
0
852
13
13
0
856
11
0
0
861
19
19
0
862
16
16
0
862
9
5
0
862
7
13
1
863
2
18
0
863
6
15
0
863
17
13
0
865
7
16
0
865
13
4
0
866
4
17
0
866
1
14
0
866
2
2
0
866
12
15
0
867
0
4
1
868
12
8
0
869
13
4
0
870
12
13
0
870
10
11
0
870
10
4
0
870
11
6
0
871
15
7
0
871
2
11
0
872
14
14
0
872
17
1
1
876
19
6
0
876
9
18
0
877
8
10
0
877
7
3
0
878
3
17
0
880
7
17
0
881
7
8
0
881
9
15
0
882
13
18
0
883
0
3
1
883
8
10
0
885
14
3
0
885
4
5
0
886
14
14
0
887
12
14
0
888
12
8
0
889
16
15
0
890
3
10
0
891
14
2
0
891
18
10
1
891
4
16
0
892
5
3
0
893
18
5
0
894
0
6
0
895
18
2
0
895
8
1
0
896
10
9
0
897
9
17
0
897
7
16
0
897
10
4
1
899
12
13
0
899
8
7
0
900
14
12
0
900
11
19
0
902
13
5
0
902
6
3
0
903
1
10
0
904
12
2
0
906
12
11
0
906
1
19
1
907
3
6
0
908
16
17
0
908
5
14
0
908
8
14
0
909
19
15
0
916
10
16
0
917
18
14
0
918
5
8
0
918
15
19
0
919
8
11
1
920
12
13
0
921
17
14
0
921
9
15
0
922
2
9
0
923
10
2
0
923
2
8
0
924
0
10
0
925
15
10
0
925
16
1
0
925
7
4
1
925
11
6
0
926
10
19
0
926
16
15
0
927
14
2
0
927
1
12
0
927
6
18
0
928
5
17
0
930
17
19
0
932
7
6
0
935
19
4
1
937
19
5
0
937
5
8
0
940
2
4
0
941
14
13
0
944
7
10
0
945
6
6
0
947
5
17
0
947
19
4
0
947
1
7
0
948
8
13
1
950
2
2
0
952
6
18
0
954
16
8
0
954
3
3
0
955
5
7
0
956
1
9
0
956
7
2
0
959
3
11
0
959
7
18
0
960
19
6
1
961
8
13
0
961
16
8
0
962
8
17
0
962
0
4
0
964
19
9
0
966
7
17
0
966
9
17
0
968
11
1
0
969
14
7
0
970
11
8
1
970
6
11
0
970
14
18
0
972
16
19
0
973
8
5
0
973
0
0
0
973
0
16
0
973
16
10
0
974
2
2
0
974
8
14
0
975
18
7
1
976
18
11
0
978
7
6
0
978
13
18
0
980
1
7
0
980
3
7
0
982
12
8
0
984
2
9
0
984
9
3
0
985
15
14
0
985
12
19
1
987
5
9
0
987
12
0
0
987
14
5
0
987
16
4
0
988
17
15
0
990
15
5
0
990
19
11
0
991
3
1
0
992
4
16
0
993
16
5
1
994
6
10
0
995
7
14
0
995
13
18
0
995
2
18
0
998
19
17
0
998
6
15
0
998
18
1
0
998
12
2
0
999
7
5
0
